   1.5014736e-06
   1.5064565e-06
   1.5114710e-06
   1.5165172e-06
   1.5215955e-06
   1.5267062e-06
   1.5318496e-06
   1.5370259e-06
   1.5422356e-06
   1.5474789e-06
   1.5527560e-06
   1.5580674e-06
   1.5634134e-06
   1.5687943e-06
   1.5742104e-06
   1.5796620e-06
   1.5851495e-06
   1.5906733e-06
   1.5962336e-06
   1.6018308e-06
   1.6074654e-06
   1.6131375e-06
   1.6188477e-06
   1.6245962e-06
   1.6303835e-06
   1.6362098e-06
   1.6420756e-06
   1.6479813e-06
   1.6539273e-06
   1.6599139e-06
   1.6659415e-06
   1.6720105e-06
   1.6781215e-06
   1.6842746e-06
   1.6904704e-06
   1.6967094e-06
   1.7029918e-06
   1.7093181e-06
   1.7156889e-06
   1.7221044e-06
   1.7285653e-06
   1.7350718e-06
   1.7416245e-06
   1.7482238e-06
   1.7548702e-06
   1.7615642e-06
   1.7683062e-06
   1.7750967e-06
   1.7819362e-06
   1.7888253e-06
   1.7957643e-06
   1.8027539e-06
   1.8097945e-06
   1.8168866e-06
   1.8240308e-06
   1.8312276e-06
   1.8384775e-06
   1.8457811e-06
   1.8531389e-06
   1.8605515e-06
   1.8680195e-06
   1.8755434e-06
   1.8831238e-06
   1.8907613e-06
   1.8984564e-06
   1.9062098e-06
   1.9140221e-06
   1.9218939e-06
   1.9298258e-06
   1.9378185e-06
   1.9458725e-06
   1.9539886e-06
   1.9621673e-06
   1.9704094e-06
   1.9787154e-06
   1.9870862e-06
   1.9955223e-06
   2.0040245e-06
   2.0125935e-06
   2.0212299e-06
   2.0299346e-06
   2.0387081e-06
   2.0475514e-06
   2.0564650e-06
   2.0654498e-06
   2.0745066e-06
   2.0836361e-06
   2.0928390e-06
   2.1021163e-06
   2.1114687e-06
   2.1208969e-06
   2.1304020e-06
   2.1399846e-06
   2.1496456e-06
   2.1593860e-06
   2.1692065e-06
   2.1791080e-06
   2.1890915e-06
   2.1991579e-06
   2.2093079e-06
   2.2195427e-06
   2.2298631e-06
   2.2402701e-06
   2.2507646e-06
   2.2613476e-06
   2.2720201e-06
   2.2827832e-06
   2.2936377e-06
   2.3045849e-06
   2.3156256e-06
   2.3267610e-06
   2.3379921e-06
   2.3493200e-06
   2.3607458e-06
   2.3722706e-06
   2.3838956e-06
   2.3956219e-06
   2.4074507e-06
   2.4193831e-06
   2.4314203e-06
   2.4435635e-06
   2.4558140e-06
   2.4681729e-06
   2.4806416e-06
   2.4932213e-06
   2.5059134e-06
   2.5187190e-06
   2.5316396e-06
   2.5446764e-06
   2.5578309e-06
   2.5711044e-06
   2.5844984e-06
   2.5980142e-06
   2.6116532e-06
   2.6254171e-06
   2.6393071e-06
   2.6533248e-06
   2.6674718e-06
   2.6817496e-06
   2.6961597e-06
   2.7107037e-06
   2.7253833e-06
   2.7402000e-06
   2.7551555e-06
   2.7702515e-06
   2.7854898e-06
   2.8008719e-06
   2.8163997e-06
   2.8320749e-06
   2.8478994e-06
   2.8638749e-06
   2.8800034e-06
   2.8962866e-06
   2.9127265e-06
   2.9293251e-06
   2.9460842e-06
   2.9630059e-06
   2.9800923e-06
   2.9973452e-06
   3.0147669e-06
   3.0323593e-06
   3.0501248e-06
   3.0680654e-06
   3.0861833e-06
   3.1044808e-06
   3.1229601e-06
   3.1416236e-06
   3.1604736e-06
   3.1795124e-06
   3.1987425e-06
   3.2181662e-06
   3.2377862e-06
   3.2576049e-06
   3.2776248e-06
   3.2978486e-06
   3.3182789e-06
   3.3389183e-06
   3.3597696e-06
   3.3808356e-06
   3.4021190e-06
   3.4236228e-06
   3.4453496e-06
   3.4673027e-06
   3.4894848e-06
   3.5118990e-06
   3.5345484e-06
   3.5574361e-06
   3.5805654e-06
   3.6039393e-06
   3.6275613e-06
   3.6514345e-06
   3.6755625e-06
   3.6999486e-06
   3.7245963e-06
   3.7495091e-06
   3.7746908e-06
   3.8001448e-06
   3.8258751e-06
   3.8518852e-06
   3.8781792e-06
   3.9047608e-06
   3.9316341e-06
   3.9588031e-06
   3.9862719e-06
   4.0140447e-06
   4.0421257e-06
   4.0705193e-06
   4.0992298e-06
   4.1282617e-06
   4.1576195e-06
   4.1873079e-06
   4.2173315e-06
   4.2476952e-06
   4.2784038e-06
   4.3094621e-06
   4.3408754e-06
   4.3726486e-06
   4.4047870e-06
   4.4372958e-06
   4.4701806e-06
   4.5034466e-06
   4.5370996e-06
   4.5711453e-06
   4.6055893e-06
   4.6404377e-06
   4.6756963e-06
   4.7113713e-06
   4.7474689e-06
   4.7839954e-06
   4.8209573e-06
   4.8583612e-06
   4.8962136e-06
   4.9345215e-06
   4.9732918e-06
   5.0125315e-06
   5.0522478e-06
   5.0924480e-06
   5.1331397e-06
   5.1743303e-06
   5.2160278e-06
   5.2582400e-06
   5.3009749e-06
   5.3442408e-06
   5.3880460e-06
   5.4323991e-06
   5.4773088e-06
   5.5227840e-06
   5.5688336e-06
   5.6154670e-06
   5.6626936e-06
   5.7105229e-06
   5.7589647e-06
   5.8080291e-06
   5.8577263e-06
   5.9080666e-06
   5.9590607e-06
   6.0107194e-06
   6.0630537e-06
   6.1160750e-06
   6.1697949e-06
   6.2242250e-06
   6.2793773e-06
   6.3352643e-06
   6.3918983e-06
   6.4492922e-06
   6.5074591e-06
   6.5664124e-06
   6.6261657e-06
   6.6867329e-06
   6.7481283e-06
   6.8103665e-06
   6.8734624e-06
   6.9374312e-06
   7.0022884e-06
   7.0680501e-06
   7.1347324e-06
   7.2023521e-06
   7.2709262e-06
   7.3404720e-06
   7.4110075e-06
   7.4825509e-06
   7.5551208e-06
   7.6287363e-06
   7.7034170e-06
   7.7791830e-06
   7.8560548e-06
   7.9340533e-06
   8.0132000e-06
   8.0935171e-06
   8.1750269e-06
   8.2577528e-06
   8.3417183e-06
   8.4269478e-06
   8.5134661e-06
   8.6012988e-06
   8.6904720e-06
   8.7810126e-06
   8.8729481e-06
   8.9663066e-06
   9.0611172e-06
   9.1574095e-06
   9.2552141e-06
   9.3545622e-06
   9.4554860e-06
   9.5580184e-06
   9.6621932e-06
   9.7680454e-06
   9.8756105e-06
   9.9849252e-06
   1.0096027e-05
   1.0208956e-05
   1.0323750e-05
   1.0440451e-05
   1.0559101e-05
   1.0679743e-05
   1.0802422e-05
   1.0927184e-05
   1.1054075e-05
   1.1183144e-05
   1.1314441e-05
   1.1448018e-05
   1.1583927e-05
   1.1722222e-05
   1.1862961e-05
   1.2006200e-05
   1.2151999e-05
   1.2300419e-05
   1.2451524e-05
   1.2605379e-05
   1.2762051e-05
   1.2921610e-05
   1.3084126e-05
   1.3249674e-05
   1.3418329e-05
   1.3590171e-05
   1.3765280e-05
   1.3943740e-05
   1.4125638e-05
   1.4311062e-05
   1.4500106e-05
   1.4692864e-05
   1.4889435e-05
   1.5089920e-05
   1.5294427e-05
   1.5503062e-05
   1.5715939e-05
   1.5933175e-05
   1.6154890e-05
   1.6381209e-05
   1.6612261e-05
   1.6848182e-05
   1.7089109e-05
   1.7335186e-05
   1.7586562e-05
   1.7843393e-05
   1.8105839e-05
   1.8374065e-05
   1.8648246e-05
   1.8928559e-05
   1.9215191e-05
   1.9508336e-05
   1.9808195e-05
   2.0114976e-05
   2.0428897e-05
   2.0750183e-05
   2.1079072e-05
   2.1415806e-05
   2.1760643e-05
   2.2113848e-05
   2.2475698e-05
   2.2846485e-05
   2.3226510e-05
   2.3616090e-05
   2.4015556e-05
   2.4425255e-05
   2.4845551e-05
   2.5276823e-05
   2.5719474e-05
   2.6173923e-05
   2.6640614e-05
   2.7120015e-05
   2.7612619e-05
   2.8118948e-05
   2.8639558e-05
   2.9175036e-05
   2.9726010e-05
   3.0293149e-05
   3.0877170e-05
   3.1478841e-05
   3.2098993e-05
   3.2738521e-05
   3.3398397e-05
   3.4079680e-05
   3.4783527e-05
   3.5511212e-05
   3.6264137e-05
   3.7043861e-05
   3.7852120e-05
   3.8690862e-05
   3.9562288e-05
   4.0468904e-05
   4.1413558e-05
   4.2399692e-05
   4.3430943e-05
   4.4511615e-05
   4.5646490e-05
   4.6841126e-05
   4.8101942e-05
   4.9436421e-05
   5.0853171e-05
   5.2362536e-05
   5.3976437e-05
   5.5708451e-05
   5.7574678e-05
   5.9593823e-05
   6.1788020e-05
   6.4183775e-05
   6.6811644e-05
   6.9708818e-05
   7.2917941e-05
   7.6489871e-05
   8.0485842e-05
   8.4979169e-05
   9.0056503e-05
   9.5821651e-05
   1.0239961e-04
   1.0994142e-04
   1.1863085e-04
   1.2868351e-04
   1.4035939e-04
   1.5397263e-04
   1.6989679e-04
   1.8857366e-04
   2.1051894e-04
   2.3631983e-04
   2.6661913e-04
   3.0207756e-04
   3.4331649e-04
   3.9083500e-04
   4.4488862e-04
   5.0535925e-04
   5.7165190e-04
   6.4260968e-04
   7.1649384e-04
   7.9105566e-04
   8.6368782e-04
   9.3166671e-04
   9.9240000e-04
   1.0436207e-03
   1.0835756e-03
   1.1110890e-03
   1.1255516e-03
   1.1269701e-03
   1.1160331e-03
   1.0940389e-03
   1.0628176e-03
   1.0249236e-03
   9.8329294e-04
   9.3936243e-04
   8.9477775e-04
   8.5087072e-04
   8.0975506e-04
   7.7263383e-04
   7.3994583e-04
   7.1167410e-04
   6.8701579e-04
   6.6501010e-04
   6.4544166e-04
   6.2808644e-04
   6.1212633e-04
   5.9696532e-04
   5.8238588e-04
   5.6847897e-04
   5.5500243e-04
   5.4249536e-04
   5.3140939e-04
   5.2078324e-04
   5.1012864e-04
   4.9925678e-04
   4.8874469e-04
   4.7985620e-04
   4.7351396e-04
   4.6939723e-04
   4.6669035e-04
   4.6393229e-04
   4.6018789e-04
   4.5533224e-04
   4.4946587e-04
   4.4216789e-04
   4.3329284e-04
   4.2304608e-04
   4.1217601e-04
   4.0119602e-04
   3.9065479e-04
   3.8093502e-04
   3.7286407e-04
   3.6747654e-04
   3.6443791e-04
   3.6391595e-04
   3.6552236e-04
   3.6831776e-04
   3.7162748e-04
   3.7488671e-04
   3.7793248e-04
   3.8116506e-04
   3.8533239e-04
   3.9069834e-04
   3.9722321e-04
   4.0366683e-04
   4.0922710e-04
   4.1293746e-04
   4.1454499e-04
   4.1418518e-04
   4.1177263e-04
   4.0734189e-04
   4.0135889e-04
   3.9526036e-04
   3.8994611e-04
   3.8771775e-04
   3.8853664e-04
   3.9137184e-04
   3.9542075e-04
   4.0002481e-04
   4.0487703e-04
   4.0925897e-04
   4.1261754e-04
   4.1464045e-04
   4.1543484e-04
   4.1506729e-04
   4.1383896e-04
   4.1220688e-04
   4.1107539e-04
   4.1130791e-04
   4.1312506e-04
   4.1671965e-04
   4.2140748e-04
   4.2627720e-04
   4.3027733e-04
   4.3336958e-04
   4.3614636e-04
   4.3861116e-04
   4.4063118e-04
   4.4275622e-04
   4.4568201e-04
   4.4916043e-04
   4.5341507e-04
   4.5889764e-04
   4.6583994e-04
   4.7404362e-04
   4.8356172e-04
   4.9364449e-04
   5.0344646e-04
   5.1236565e-04
   5.2009247e-04
   5.2663178e-04
   5.3170148e-04
   5.3493885e-04
   5.3604546e-04
   5.3463808e-04
   5.3080016e-04
   5.2468512e-04
   5.1704090e-04
   5.0830119e-04
   5.0018878e-04
   4.9419211e-04
   4.9009326e-04
   4.8670912e-04
   4.8386476e-04
   4.8084683e-04
   4.7746676e-04
   4.7442245e-04
   4.7171078e-04
   4.6888573e-04
   4.6550871e-04
   4.6135473e-04
   4.5696770e-04
   4.5311584e-04
   4.5077348e-04
   4.5104051e-04
   4.5337845e-04
   4.5745334e-04
   4.6322961e-04
   4.7074349e-04
   4.7953428e-04
   4.8934980e-04
   4.9958198e-04
   5.1053751e-04
   5.2213541e-04
   5.3441288e-04
   5.4807985e-04
   5.6234481e-04
   5.7638698e-04
   5.9021183e-04
   6.0410229e-04
   6.1857288e-04
   6.3321122e-04
   6.4642729e-04
   6.5793530e-04
   6.6777539e-04
   6.7693064e-04
   6.8715405e-04
   6.9893303e-04
   7.1108930e-04
   7.2163471e-04
   7.2876363e-04
   7.3137178e-04
   7.2970963e-04
   7.2454937e-04
   7.1654128e-04
   7.0564541e-04
   6.9254252e-04
   6.7844796e-04
   6.6424751e-04
   6.4927578e-04
   6.3318495e-04
   6.1638760e-04
   5.9911996e-04
   5.8147715e-04
   5.6386724e-04
   5.4664186e-04
   5.3031932e-04
   5.1531671e-04
   5.0181005e-04
   4.8962273e-04
   4.7932200e-04
   4.7044155e-04
   4.6235426e-04
   4.5415264e-04
   4.4487993e-04
   4.3452367e-04
   4.2317132e-04
   4.1090357e-04
   3.9833645e-04
   3.8625875e-04
   3.7495720e-04
   3.6453200e-04
   3.5474777e-04
   3.4542426e-04
   3.3678560e-04
   3.2914522e-04
   3.2275027e-04
   3.1772270e-04
   3.1405140e-04
   3.1178778e-04
   3.1024542e-04
   3.0893840e-04
   3.0761479e-04
   3.0650177e-04
   3.0548952e-04
   3.0467448e-04
   3.0378226e-04
   3.0262221e-04
   3.0139507e-04
   3.0032320e-04
   2.9965422e-04
   2.9965354e-04
   3.0036049e-04
   3.0150428e-04
   3.0258598e-04
   3.0344462e-04
   3.0396457e-04
   3.0381159e-04
   3.0305194e-04
   3.0171973e-04
   2.9975778e-04
   2.9717668e-04
   2.9382931e-04
   2.8999664e-04
   2.8626347e-04
   2.8266208e-04
   2.7886260e-04
   2.7435839e-04
   2.6903004e-04
   2.6303057e-04
   2.5660560e-04
   2.4989667e-04
   2.4338307e-04
   2.3761598e-04
   2.3306123e-04
   2.2987408e-04
   2.2792260e-04
   2.2698392e-04
   2.2672998e-04
   2.2687612e-04
   2.2745664e-04
   2.2828630e-04
   2.2928191e-04
   2.3072699e-04
   2.3306564e-04
   2.3599006e-04
   2.3880721e-04
   2.4132923e-04
   2.4341926e-04
   2.4511232e-04
   2.4656127e-04
   2.4765121e-04
   2.4837487e-04
   2.4889336e-04
   2.4938848e-04
   2.4989846e-04
   2.5058791e-04
   2.5139841e-04
   2.5232823e-04
   2.5329570e-04
   2.5437976e-04
   2.5573436e-04
   2.5769551e-04
   2.6045612e-04
   2.6431068e-04
   2.6910947e-04
   2.7477265e-04
   2.8107805e-04
   2.8762875e-04
   2.9426312e-04
   3.0112049e-04
   3.0855661e-04
   3.1646256e-04
   3.2517371e-04
   3.3511091e-04
   3.4643310e-04
   3.5914392e-04
   3.7300806e-04
   3.8791534e-04
   4.0395109e-04
   4.2090537e-04
   4.3860974e-04
   4.5709499e-04
   4.7636735e-04
   4.9594405e-04
   5.1518866e-04
   5.3405268e-04
   5.5255882e-04
   5.7061390e-04
   5.8780153e-04
   6.0375356e-04
   6.1839696e-04
   6.3219194e-04
   6.4610208e-04
   6.6106991e-04
   6.7600585e-04
   6.8994760e-04
   7.0251009e-04
   7.1345007e-04
   7.2344947e-04
   7.3240508e-04
   7.3931563e-04
   7.4374664e-04
   7.4549973e-04
   7.4482188e-04
   7.4243255e-04
   7.3929794e-04
   7.3527520e-04
   7.3018789e-04
   7.2419191e-04
   7.1717432e-04
   7.0883481e-04
   6.9929988e-04
   6.8877525e-04
   6.7769723e-04
   6.6696861e-04
   6.5607477e-04
   6.4428002e-04
   6.3127243e-04
   6.1690121e-04
   6.0142550e-04
   5.8518201e-04
   5.6834732e-04
   5.5144795e-04
   5.3507997e-04
   5.1973757e-04
   5.0525425e-04
   4.9164776e-04
   4.7895877e-04
   4.6714169e-04
   4.5626146e-04
   4.4640295e-04
   4.3771063e-04
   4.3013070e-04
   4.2359862e-04
   4.1776510e-04
   4.1243890e-04
   4.0755214e-04
   4.0287870e-04
   3.9811203e-04
   3.9307367e-04
   3.8775140e-04
   3.8228980e-04
   3.7691794e-04
   3.7206715e-04
   3.6749416e-04
   3.6312335e-04
   3.5862330e-04
   3.5358196e-04
   3.4794791e-04
   3.4179042e-04
   3.3524219e-04
   3.2891862e-04
   3.2392927e-04
   3.2094788e-04
   3.1904410e-04
   3.1741206e-04
   3.1570240e-04
   3.1385073e-04
   3.1166373e-04
   3.0912555e-04
   3.0636257e-04
   3.0339404e-04
   3.0026495e-04
   2.9704714e-04
   2.9442639e-04
   2.9230742e-04
   2.9008689e-04
   2.8750779e-04
   2.8464192e-04
   2.8125752e-04
   2.7709010e-04
   2.7216442e-04
   2.6654357e-04
   2.6026712e-04
   2.5330230e-04
   2.4581489e-04
   2.3807238e-04
   2.3012045e-04
   2.2230157e-04
   2.1541049e-04
   2.0957626e-04
   2.0486137e-04
   2.0090308e-04
   1.9706815e-04
   1.9331101e-04
   1.8983276e-04
   1.8657975e-04
   1.8330071e-04
   1.7997518e-04
   1.7671456e-04
   1.7372030e-04
   1.7119269e-04
   1.6920694e-04
   1.6780709e-04
   1.6699945e-04
   1.6671034e-04
   1.6693200e-04
   1.6747087e-04
   1.6825793e-04
   1.6930122e-04
   1.7059184e-04
   1.7188480e-04
   1.7296961e-04
   1.7371198e-04
   1.7400039e-04
   1.7375425e-04
   1.7292763e-04
   1.7154924e-04
   1.6964059e-04
   1.6727623e-04
   1.6458835e-04
   1.6174504e-04
   1.5899485e-04
   1.5667754e-04
   1.5483462e-04
   1.5342093e-04
   1.5235292e-04
   1.5157024e-04
   1.5088075e-04
   1.5008439e-04
   1.4907191e-04
   1.4776985e-04
   1.4617402e-04
   1.4437617e-04
   1.4237322e-04
   1.4018936e-04
   1.3781844e-04
   1.3526111e-04
   1.3252828e-04
   1.2966882e-04
   1.2682386e-04
   1.2409298e-04
   1.2144664e-04
   1.1899982e-04
   1.1688121e-04
   1.1507941e-04
   1.1372308e-04
   1.1290992e-04
   1.1247812e-04
   1.1224349e-04
   1.1204350e-04
   1.1179108e-04
   1.1147972e-04
   1.1111589e-04
   1.1069937e-04
   1.1030261e-04
   1.1005032e-04
   1.0988149e-04
   1.0974106e-04
   1.0951260e-04
   1.0913571e-04
   1.0862765e-04
   1.0810880e-04
   1.0772133e-04
   1.0764708e-04
   1.0790331e-04
   1.0836165e-04
   1.0885564e-04
   1.0933744e-04
   1.0981649e-04
   1.1029159e-04
   1.1070572e-04
   1.1102536e-04
   1.1121269e-04
   1.1123164e-04
   1.1108786e-04
   1.1080618e-04
   1.1036106e-04
   1.0976332e-04
   1.0899668e-04
   1.0815273e-04
   1.0726092e-04
   1.0637709e-04
   1.0550726e-04
   1.0466600e-04
   1.0387027e-04
   1.0309311e-04
   1.0228183e-04
   1.0146154e-04
   1.0068647e-04
   9.9986080e-05
   9.9477637e-05
   9.9177894e-05
   9.9064798e-05
   9.9023758e-05
   9.8902571e-05
   9.8584951e-05
   9.7998534e-05
   9.7184068e-05
   9.6268640e-05
   9.5389611e-05
   9.4611838e-05
   9.3885391e-05
   9.3219491e-05
   9.2625004e-05
   9.2108074e-05
   9.1714393e-05
   9.1420105e-05
   9.1247969e-05
   9.1200666e-05
   9.1238491e-05
   9.1449297e-05
   9.1797620e-05
   9.2251088e-05
   9.2739169e-05
   9.3271408e-05
   9.3862029e-05
   9.4464243e-05
   9.5103530e-05
   9.5837032e-05
   9.6638860e-05
   9.7653339e-05
   9.8936277e-05
   1.0036623e-04
   1.0187507e-04
   1.0334810e-04
   1.0473053e-04
   1.0607843e-04
   1.0747447e-04
   1.0906204e-04
   1.1091784e-04
   1.1303397e-04
   1.1531228e-04
   1.1773935e-04
   1.2035566e-04
   1.2314046e-04
   1.2610148e-04
   1.2919989e-04
   1.3242004e-04
   1.3578141e-04
   1.3919694e-04
   1.4265896e-04
   1.4616682e-04
   1.4960535e-04
   1.5281168e-04
   1.5575935e-04
   1.5847434e-04
   1.6099293e-04
   1.6333511e-04
   1.6547289e-04
   1.6740608e-04
   1.6916326e-04
   1.7077141e-04
   1.7225689e-04
   1.7359378e-04
   1.7482885e-04
   1.7598049e-04
   1.7713254e-04
   1.7829782e-04
   1.7948568e-04
   1.8065680e-04
   1.8177179e-04
   1.8281752e-04
   1.8378128e-04
   1.8453903e-04
   1.8510329e-04
   1.8537895e-04
   1.8520384e-04
   1.8449123e-04
   1.8332241e-04
   1.8169174e-04
   1.7970467e-04
   1.7749198e-04
   1.7516730e-04
   1.7278757e-04
   1.7060690e-04
   1.6864574e-04
   1.6676513e-04
   1.6481467e-04
   1.6278611e-04
   1.6064321e-04
   1.5844504e-04
   1.5622131e-04
   1.5396867e-04
   1.5166224e-04
   1.4935103e-04
   1.4710555e-04
   1.4496371e-04
   1.4292841e-04
   1.4098231e-04
   1.3914251e-04
   1.3733819e-04
   1.3555136e-04
   1.3381019e-04
   1.3213090e-04
   1.3061140e-04
   1.2929930e-04
   1.2823279e-04
   1.2741464e-04
   1.2685966e-04
   1.2647002e-04
   1.2617237e-04
   1.2592235e-04
   1.2566681e-04
   1.2540108e-04
   1.2508125e-04
   1.2474965e-04
   1.2442217e-04
   1.2409578e-04
   1.2377330e-04
   1.2349070e-04
   1.2324718e-04
   1.2297878e-04
   1.2267911e-04
   1.2241187e-04
   1.2224230e-04
   1.2218311e-04
   1.2215551e-04
   1.2215222e-04
   1.2217238e-04
   1.2223868e-04
   1.2233464e-04
   1.2251356e-04
   1.2281803e-04
   1.2328557e-04
   1.2385528e-04
   1.2442737e-04
   1.2497248e-04
   1.2548597e-04
   1.2595088e-04
   1.2636921e-04
   1.2667847e-04
   1.2684614e-04
   1.2690429e-04
   1.2689010e-04
   1.2681885e-04
   1.2668553e-04
   1.2655376e-04
   1.2653063e-04
   1.2666549e-04
   1.2683514e-04
   1.2692698e-04
   1.2686617e-04
   1.2665035e-04
   1.2630182e-04
   1.2578213e-04
   1.2512034e-04
   1.2439893e-04
   1.2369123e-04
   1.2291927e-04
   1.2206626e-04
   1.2107515e-04
   1.1995013e-04
   1.1868954e-04
   1.1732847e-04
   1.1586338e-04
   1.1430547e-04
   1.1272100e-04
   1.1120698e-04
   1.0987053e-04
   1.0880471e-04
   1.0807896e-04
   1.0783995e-04
   1.0811564e-04
   1.0872460e-04
   1.0951578e-04
   1.1030365e-04
   1.1092109e-04
   1.1120840e-04
   1.1108796e-04
   1.1057178e-04
   1.0973976e-04
   1.0871452e-04
   1.0760994e-04
   1.0653404e-04
   1.0553466e-04
   1.0463310e-04
   1.0377711e-04
   1.0294913e-04
   1.0217843e-04
   1.0145098e-04
   1.0074529e-04
   1.0003732e-04
   9.9351596e-05
   9.8737254e-05
   9.8178083e-05
   9.7664000e-05
   9.7123304e-05
   9.6547413e-05
   9.5999607e-05
   9.5460750e-05
   9.4982237e-05
   9.4609111e-05
   9.4317152e-05
   9.4150094e-05
   9.4170388e-05
   9.4405371e-05
   9.4794918e-05
   9.5339009e-05
   9.6022747e-05
   9.6817742e-05
   9.7744435e-05
   9.8839673e-05
   1.0013915e-04
   1.0158485e-04
   1.0308756e-04
   1.0453444e-04
   1.0584989e-04
   1.0699358e-04
   1.0796106e-04
   1.0875950e-04
   1.0945825e-04
   1.1016536e-04
   1.1076470e-04
   1.1114484e-04
   1.1129025e-04
   1.1111206e-04
   1.1059693e-04
   1.0973969e-04
   1.0858607e-04
   1.0716490e-04
   1.0557842e-04
   1.0396918e-04
   1.0253583e-04
   1.0137633e-04
   1.0034743e-04
   9.9382132e-05
   9.8408501e-05
   9.7362872e-05
   9.6202998e-05
   9.4964538e-05
   9.3673007e-05
   9.2384646e-05
   9.1176821e-05
   9.0125969e-05
   8.9360251e-05
   8.8920435e-05
   8.8718783e-05
   8.8664831e-05
   8.8702177e-05
   8.8780543e-05
   8.8872203e-05
   8.8949056e-05
   8.9021076e-05
   8.9084903e-05
   8.9173528e-05
   8.9288488e-05
   8.9457130e-05
   8.9738322e-05
   9.0177449e-05
   9.0818270e-05
   9.1781327e-05
   9.2966624e-05
   9.4289117e-05
   9.5677665e-05
   9.7131618e-05
   9.8664386e-05
   1.0028644e-04
   1.0196509e-04
   1.0367817e-04
   1.0535569e-04
   1.0694715e-04
   1.0848143e-04
   1.0992181e-04
   1.1127731e-04
   1.1254684e-04
   1.1370065e-04
   1.1478136e-04
   1.1577894e-04
   1.1673812e-04
   1.1769005e-04
   1.1868826e-04
   1.1973010e-04
   1.2075705e-04
   1.2178238e-04
   1.2278945e-04
   1.2364883e-04
   1.2431217e-04
   1.2475879e-04
   1.2502926e-04
   1.2526468e-04
   1.2559332e-04
   1.2598291e-04
   1.2631792e-04
   1.2652803e-04
   1.2662055e-04
   1.2659117e-04
   1.2639955e-04
   1.2598503e-04
   1.2535645e-04
   1.2452703e-04
   1.2352021e-04
   1.2235249e-04
   1.2093788e-04
   1.1923842e-04
   1.1727694e-04
   1.1505258e-04
   1.1260528e-04
   1.0999576e-04
   1.0732883e-04
   1.0469281e-04
   1.0225729e-04
   1.0013401e-04
   9.8399052e-05
   9.6943694e-05
   9.5636902e-05
   9.4400810e-05
   9.3191120e-05
   9.2028305e-05
   9.0849918e-05
   8.9640497e-05
   8.8417801e-05
   8.7234949e-05
   8.6092645e-05
   8.4975317e-05
   8.3892560e-05
   8.2857977e-05
   8.1928561e-05
   8.1198327e-05
   8.0723712e-05
   8.0537776e-05
   8.0652319e-05
   8.1016870e-05
   8.1498036e-05
   8.1986575e-05
   8.2425075e-05
   8.2718241e-05
   8.2822930e-05
   8.2755084e-05
   8.2556048e-05
   8.2240127e-05
   8.1808156e-05
   8.1260942e-05
   8.0631337e-05
   7.9978111e-05
   7.9284729e-05
   7.8528587e-05
   7.7717300e-05
   7.6926182e-05
   7.6244339e-05
   7.5710286e-05
   7.5402122e-05
   7.5397808e-05
   7.5647879e-05
   7.6117906e-05
   7.6692970e-05
   7.7241535e-05
   7.7678949e-05
   7.8004503e-05
   7.8144884e-05
   7.8064299e-05
   7.7755839e-05
   7.7263733e-05
   7.6651232e-05
   7.5994357e-05
   7.5360882e-05
   7.4881723e-05
   7.4628275e-05
   7.4578772e-05
   7.4715073e-05
   7.4961269e-05
   7.5216856e-05
   7.5431769e-05
   7.5567080e-05
   7.5583802e-05
   7.5410211e-05
   7.5026131e-05
   7.4479640e-05
   7.3827137e-05
   7.3161199e-05
   7.2529481e-05
   7.1980002e-05
   7.1525746e-05
   7.1172424e-05
   7.0922593e-05
   7.0756233e-05
   7.0603471e-05
   7.0361213e-05
   6.9971612e-05
   6.9398862e-05
   6.8661333e-05
   6.7785676e-05
   6.6840078e-05
   6.5928927e-05
   6.5101394e-05
   6.4367109e-05
   6.3695857e-05
   6.3107148e-05
   6.2622554e-05
   6.2282138e-05
   6.2077302e-05
   6.1978484e-05
   6.1934642e-05
   6.1894513e-05
   6.1786221e-05
   6.1558597e-05
   6.1196470e-05
   6.0728932e-05
   6.0191080e-05
   5.9610292e-05
   5.9004365e-05
   5.8356790e-05
   5.7664755e-05
   5.6970103e-05
   5.6316674e-05
   5.5716747e-05
   5.5225248e-05
   5.4821919e-05
   5.4482767e-05
   5.4183605e-05
   5.3901964e-05
   5.3628537e-05
   5.3396691e-05
   5.3263555e-05
   5.3271395e-05
   5.3416755e-05
   5.3641085e-05
   5.3906225e-05
   5.4169301e-05
   5.4416316e-05
   5.4664978e-05
   5.4907734e-05
   5.5113984e-05
   5.5278763e-05
   5.5424802e-05
   5.5533338e-05
   5.5586630e-05
   5.5589350e-05
   5.5579157e-05
   5.5631162e-05
   5.5817037e-05
   5.6115387e-05
   5.6487831e-05
   5.6850556e-05
   5.7144038e-05
   5.7335410e-05
   5.7433275e-05
   5.7490981e-05
   5.7535062e-05
   5.7544384e-05
   5.7502045e-05
   5.7407816e-05
   5.7253709e-05
   5.7032107e-05
   5.6774049e-05
   5.6511182e-05
   5.6209493e-05
   5.5841772e-05
   5.5409808e-05
   5.4939266e-05
   5.4476119e-05
   5.4021400e-05
   5.3573966e-05
   5.3119467e-05
   5.2647044e-05
   5.2151589e-05
   5.1645092e-05
   5.1119741e-05
   5.0562838e-05
   4.9960674e-05
   4.9325248e-05
   4.8687356e-05
   4.8078281e-05
   4.7529251e-05
   4.7072619e-05
   4.6774879e-05
   4.6668779e-05
   4.6745640e-05
   4.6995536e-05
   4.7422206e-05
   4.8008781e-05
   4.8710925e-05
   4.9470387e-05
   5.0243510e-05
   5.0988189e-05
   5.1698153e-05
   5.2402549e-05
   5.3130732e-05
   5.3856917e-05
   5.4549552e-05
   5.5223744e-05
   5.5880348e-05
   5.6569005e-05
   5.7333123e-05
   5.8152467e-05
   5.9038471e-05
   5.9976850e-05
   6.0931817e-05
   6.1887712e-05
   6.2799839e-05
   6.3654212e-05
   6.4447776e-05
   6.5126696e-05
   6.5628407e-05
   6.5937822e-05
   6.6065139e-05
   6.6077172e-05
   6.6030494e-05
   6.5977073e-05
   6.5984375e-05
   6.6100718e-05
   6.6362294e-05
   6.6682328e-05
   6.6971742e-05
   6.7167867e-05
   6.7207628e-05
   6.7061901e-05
   6.6731219e-05
   6.6229823e-05
   6.5587201e-05
   6.4869646e-05
   6.4166536e-05
   6.3561909e-05
   6.3007623e-05
   6.2466773e-05
   6.1920712e-05
   6.1386394e-05
   6.0828951e-05
   6.0191594e-05
   5.9482866e-05
   5.8725670e-05
   5.7941533e-05
   5.7168671e-05
   5.6426929e-05
   5.5762878e-05
   5.5269002e-05
   5.5014134e-05
   5.4997232e-05
   5.5186249e-05
   5.5480100e-05
   5.5781850e-05
   5.6055353e-05
   5.6292743e-05
   5.6487722e-05
   5.6599598e-05
   5.6637879e-05
   5.6641017e-05
   5.6596662e-05
   5.6497192e-05
   5.6342133e-05
   5.6125006e-05
   5.5847405e-05
   5.5508579e-05
   5.5103952e-05
   5.4653169e-05
   5.4201621e-05
   5.3713655e-05
   5.3111773e-05
   5.2365184e-05
   5.1486934e-05
   5.0468007e-05
   4.9344138e-05
   4.8145171e-05
   4.6908119e-05
   4.5693217e-05
   4.4532295e-05
   4.3436015e-05
   4.2410444e-05
   4.1427903e-05
   4.0452929e-05
   3.9458621e-05
   3.8452556e-05
   3.7425786e-05
   3.6351855e-05
   3.5190881e-05
   3.3900638e-05
